8 3.899913281202316e-09 1.8513146642362699e-06 0.9746089577674866 2.3654421629882426e-17 1.9726522827701326e-18 3.2666704801378325e-17 -1.098493545426603e-17 157079.63267948964 7.355888478157805e-22
8.02 -7.959897629916668e-09 3.0843248168821447e-06 0.9744613170623779 2.3822345104462873e-17 1.9900741308090785e-18 3.2896572202700126e-17 -1.1064301409983727e-17 157079.63267948964 7.411195679588709e-22
8.04 1.1961674317717552e-08 2.31531430472387e-06 0.9743133187294006 2.3991014378242525e-17 2.0075905754151384e-18 3.3127451897473653e-17 -1.1144028276940687e-17 157079.63267948964 7.466779416452091e-22
8.059999999999999 1.9063008949160576e-09 2.6788102331920527e-06 0.9741653203964233 2.4160445737365582e-17 2.025202780884052e-18 3.3359360332109115e-17 -1.1224117375627586e-17 157079.63267948964 7.522640378362493e-22
8.079999999999998 9.269570000469685e-09 2.5016588551807217e-06 0.9740170836448669 2.433062279489824e-17 2.0429093508546213e-18 3.359228182523348e-17 -1.1304568566218654e-17 157079.63267948964 7.57877925493446e-22
8.099999999999998 -2.066371962428093e-09 2.9666780392290093e-06 0.9738684892654419 2.4501565911594784e-17 2.0607125700930122e-18 3.382623297602845e-17 -1.1385382430619232e-17 157079.63267948964 7.635196735782537e-22
8.119999999999997 1.6661942936480045e-08 3.1436438803211786e-06 0.9737198352813721 2.467326164978964e-17 2.0786104673652617e-18 3.406120979218536e-17 -1.1466561802197248e-17 157079.63267948964 7.691893510521269e-22
8.139999999999997 -1.1306838132441044e-08 3.3279129638685845e-06 0.9735709428787231 2.4845713154167286e-17 2.096604034345995e-18 3.4297214158532685e-17 -1.1548105038711395e-17 157079.63267948964 7.748870268765202e-22
8.159999999999997 -1.1146767064929008e-08 2.945106643892359e-06 0.9734218716621399 2.501892591016455e-17 2.114693715673761e-18 3.4534244910728873e-17 -1.1630012716238086e-17 157079.63267948964 7.806127700128879e-22
8.179999999999996 -6.2427716329693794e-09 3.140706212434452e-06 0.9732725620269775 2.5192902069427913e-17 2.132879772174075e-18 3.47723130816297e-17 -1.1712287712631138e-17 157079.63267948964 7.863666494226841e-22
8.199999999999996 9.327777661383152e-09 2.779959686449729e-06 0.9731230735778809 2.5367649994073193e-17 2.1511615003398535e-18 3.50114175972883e-17 -1.1794929103554957e-17 157079.63267948964 7.921487340673642e-22
8.219999999999995 9.89530235528946e-09 2.4751443561399356e-06 0.9729734659194946 2.554315350847762e-17 2.169539534691609e-18 3.525155106041104e-17 -1.1877937476253496e-17 157079.63267948964 7.979590929083822e-22
8.239999999999995 3.6816345527768135e-09 3.967741577071138e-06 0.9728235602378845 2.571942417757124e-17 2.1880145236982194e-18 3.549272150005182e-17 -1.1961311846178798e-17 157079.63267948964 8.037977949071927e-22
8.259999999999994 -4.2637111619114876e-09 3.703072252392303e-06 0.9726735353469849 2.589646418115709e-17 2.206586141608035e-18 3.573493080199486e-17 -1.2045055925199353e-17 157079.63267948964 8.0966490902525e-22
8.279999999999994 5.820766091346741e-11 3.8347779991454445e-06 0.9725232720375061 2.6074275721419028e-17 2.2252548446606953e-18 3.5978190409618133e-17 -1.2129169532859803e-17 157079.63267948964 8.155605042240086e-22
8.299999999999994 -8.891220204532146e-09 4.330348929215688e-06 0.972372829914093 2.6252855207037098e-17 2.244020495954292e-18 3.6222486372866906e-17 -1.2213651661784098e-17 157079.63267948964 8.214846494649232e-22
8.319999999999993 -2.4156179279088974e-09 5.71466898691142e-06 0.9722223281860352 2.643221001168106e-17 2.262882747791785e-18 3.646783013635075e-17 -1.229850610463887e-17 157079.63267948964 8.274374137094479e-22
8.339999999999993 1.0608346201479435e-08 6.111122274887748e-06 0.9720715284347534 2.6612328963563348e-17 2.2818432724793293e-18 3.6714217146322855e-17 -1.2383731048296029e-17 157079.63267948964 8.334188659190376e-22
8.359999999999992 4.642060957849026e-09 7.001385711191688e-06 0.9719206094741821 2.6793229218367385e-17 2.30089968737484e-18 3.69616590573326e-17 -1.2469326247320226e-17 157079.63267948964 8.394290750551465e-22
8.379999999999992 4.5693013817071915e-09 7.738291060377378e-06 0.9717694520950317 2.6974905477268945e-17 2.3200555222401554e-18 3.721013808321273e-17 -1.2555295559055997e-17 157079.63267948964 8.454681100792293e-22
8.399999999999991 -2.6193447411060333e-10 8.86981524672592e-06 0.9716181755065918 2.71573512070711e-17 2.3393083753035684e-18 3.74596791127371e-17 -1.2641636280969568e-17 157079.63267948964 8.515360399527403e-22
8.419999999999991 1.4551915228366852e-09 1.022169817588292e-05 0.9714667797088623 2.7340588961216185e-17 2.3586595396157528e-18 3.771028089819984e-17 -1.2728351476599411e-17 157079.63267948964 8.57632933637134e-22
8.43999999999999 2.4519977159798145e-08 1.1878586519742385e-05 0.9713150858879089 2.7524597194737903e-17 2.3781086539439375e-18 3.7961928602423534e-17 -1.281544006162957e-17 157079.63267948964 8.637588600938648e-22
8.45999999999999 -6.984919309616089e-09 1.3177475921111181e-05 0.971163272857666 2.7709388321654636e-17 2.397655979269204e-18 3.8214637492107927e-17 -1.2902905149722493e-17 157079.63267948964 8.699138882843876e-22
8.47999999999999 -2.9103830456733704e-09 1.3582950487034395e-05 0.9710115194320679 2.789496780110274e-17 2.41730220738531e-18 3.846840952987229e-17 -1.2990743936154858e-17 157079.63267948964 8.760980871701564e-22
8.49999999999999 1.6952981241047382e-08 1.362397688353667e-05 0.9708592891693115 2.808132569773444e-17 2.437046106635494e-18 3.872323978647426e-17 -1.3078960410783401e-17 157079.63267948964 8.82311525712626e-22
8.519999999999989 1.0579242371022701e-08 1.7637412383919582e-05 0.9707069993019104 2.8268472362087656e-17 2.456890093764364e-18 3.897913702247017e-17 -1.3167554320282489e-17 157079.63267948964 8.885542728732507e-22
8.539999999999988 -2.7212081477046013e-09 1.8881035430240445e-05 0.9705545902252197 2.845640463692959e-17 2.476832062019838e-18 3.923609621263175e-17 -1.3256523637721998e-17 157079.63267948964 8.948263976134847e-22
8.559999999999988 1.8175342120230198e-08 1.8299930161447264e-05 0.9704020619392395 2.8645131335894684e-17 2.4968740204669736e-18 3.9494129736238055e-17 -1.3345871540802561e-17 157079.63267948964 9.011279688947832e-22
8.579999999999988 -7.421476766467094e-10 2.264144131913781e-05 0.970249354839325 2.883464109954582e-17 2.517013821283305e-18 3.9753225455923446e-17 -1.3435601279327628e-17 157079.63267948964 9.074590556786003e-22
8.599999999999987 2.204615157097578e-08 2.4645378289278597e-05 0.9700964093208313 2.902494072609817e-17 2.537254159989533e-18 4.001339225645109e-17 -1.3525706359644014e-17 157079.63267948964 9.138197269263906e-22
8.619999999999987 -3.3760443329811096e-09 2.6422907467349432e-05 0.9699434041976929 2.9216039414465634e-17 2.557594658543262e-18 4.0274639221552295e-17 -1.3616194465629927e-17 157079.63267948964 9.202100515996082e-22
8.639999999999986 3.5943230614066124e-09 2.811331069096923e-05 0.9697902798652649 2.9407924864277625e-17 2.5780335663010973e-18 4.053695391837454e-17 -1.3707062620398015e-17 157079.63267948964 9.26630098659708e-22
8.659999999999986 1.5934347175061703e-08 2.6393630832899362e-05 0.9696369171142578 2.960060671632235e-17 2.598573635490376e-18 4.0800345382114736e-17 -1.3798312301282757e-17 157079.63267948964 9.330799370681442e-22
8.679999999999986 9.764335118234158e-09 3.24103057209868e-05 0.969483494758606 2.97940884208064e-17 2.619212415266823e-18 4.1064819179639124e-17 -1.388994317409955e-17 157079.63267948964 9.395596357863716e-22
8.699999999999985 4.8603396862745285e-09 3.410880526644178e-05 0.969329833984375 2.998836955828074e-17 2.6399526946121008e-18 4.1330373589116076e-17 -1.3981957649343205e-17 157079.63267948964 9.460692637758445e-22
8.719999999999985 -1.6880221664905548e-09 3.3055275707738474e-05 0.969176173210144 3.0183448495448767e-17 2.660792452019418e-18 4.1597006788014986e-17 -1.4074354465714115e-17 157079.63267948964 9.526088899980174e-22
8.739999999999984 6.068148650228977e-09 3.408391057746485e-05 0.969022274017334 3.037932655963502e-17 2.681733118227392e-18 4.1864728092332724e-17 -1.4167135119274014e-17 157079.63267948964 9.591785834143446e-22
8.759999999999984 -1.6152625903487206e-09 2.8077583920094185e-05 0.9688683748245239 3.0576006492074745e-17 2.7027756880337247e-18 4.213353193414598e-17 -1.426030113010496e-17 157079.63267948964 9.657784129862808e-22
8.779999999999983 1.6123522073030472e-08 3.050565646844916e-05 0.9687141180038452 3.077349487052821e-17 2.7239178556837063e-18 4.2403427733785094e-17 -1.43538511937494e-17 157079.63267948964 9.724084476752806e-22
8.799999999999983 -4.816683940589428e-09 4.226509190630168e-05 0.9685598611831665 3.097178526865626e-17 2.745160355151116e-18 4.267440982193381e-17 -1.4447788732916006e-17 157079.63267948964 9.790687564427981e-22
8.819999999999983 8.774804882705212e-09 3.483803811832331e-05 0.9684054851531982 3.1170881634187906e-17 2.7665053809121063e-18 4.2946487724295784e-17 -1.4542111471019986e-17 157079.63267948964 9.857594082502882e-22
8.839999999999982 -5.238689482212067e-10 4.090283619007096e-05 0.96825110912323 3.1370783866886986e-17 2.7879505797599346e-18 4.321965566931384e-17 -1.463682286679639e-17 157079.63267948964 9.924804720592052e-22
8.859999999999982 1.862645149230957e-09 3.839959390461445e-05 0.9680964350700378 3.157150231646034e-17 2.809498652994899e-18 4.3493923289109e-17 -1.4731919625643556e-17 157079.63267948964 9.992320168310032e-22
8.879999999999981 4.5693013817071915e-09 4.333662218414247e-05 0.9679416418075562 3.177302424408536e-17 2.8311469683401427e-18 4.3769284709030874e-17 -1.4827407187676745e-17 157079.63267948964 1.0060141115271375e-21
8.89999999999998 5.005858838558197e-09 5.2054230764042586e-05 0.9677867293357849 3.1975358780489907e-17 2.8528962795894395e-18 4.404574571231151e-17 -1.4923283211411045e-17 157079.63267948964 1.0128268251090614e-21
8.91999999999998 -3.041350282728672e-09 4.625487053999677e-05 0.9676316976547241 3.2178505061938786e-17 2.874750095894659e-18 4.432330422324138e-17 -1.501954726565384e-17 157079.63267948964 1.0196702265382307e-21
8.93999999999998 -3.5652192309498787e-09 4.860916669713333e-05 0.9674767255783081 3.2382473943264395e-17 2.896704749433748e-18 4.460197409950446e-17 -1.5116204905673817e-17 157079.63267948964 1.0265443847760991e-21
8.95999999999998 4.99130692332983e-09 5.1098380936309695e-05 0.9673214554786682 3.2587245753482965e-17 2.9187612627463728e-18 4.488173722751117e-17 -1.5213252736774578e-17 157079.63267948964 1.0334493687841217e-21
8.979999999999979 9.022187441587448e-10 4.986656131222844e-05 0.9671661853790283 3.2792843687829575e-17 2.94092144445269e-18 4.516261559439693e-17 -1.5310689287015174e-17 157079.63267948964 1.040385247523752e-21
8.999999999999979 1.862645149230957e-09 5.040392716182396e-05 0.9670106172561646 3.299926468215628e-17 2.9631833124337795e-18 4.544459900077197e-17 -1.5408521210866184e-17 157079.63267948964 1.0473520899564455e-21
