8 9.546056389808655e-09 1.3760654837824404e-09 0.9746089577674866 2.3654422886992275e-17 1.972652821531496e-18 3.2666704801378325e-17 -1.0984934735917547e-17 157079.63267948964 7.355888478157805e-22
8.02 -8.585629984736443e-09 -2.6020643417723477e-09 0.9744613170623779 2.3822345285400265e-17 1.9900759401830238e-18 3.289656930770181e-17 -1.1064299962484571e-17 157079.63267948964 7.411195679588709e-22
8.04 1.7069396562874317e-08 -2.812157617881894e-09 0.9743133187294006 2.3991015836597885e-17 2.007593674420267e-18 3.3127448980762946e-17 -1.1144026818585332e-17 157079.63267948964 7.466779416452091e-22
8.059999999999999 8.672941476106644e-09 -1.382431946694851e-10 0.974165141582489 2.4160441513226695e-17 2.0252095762379097e-18 3.3359345639452125e-17 -1.1224113702463338e-17 157079.63267948964 7.522640378362493e-22
8.079999999999998 1.7040292732417583e-08 -7.064045348670334e-09 0.9740167260169983 2.4330625755358883e-17 2.0429228579563207e-18 3.35922640624696e-17 -1.1304561165067038e-17 157079.63267948964 7.57877925493446e-22
8.099999999999998 5.806214176118374e-09 1.1200427252333611e-08 0.9738679528236389 2.450156106503436e-17 2.060737362113663e-18 3.382619420354503e-17 -1.1385370500624332e-17 157079.63267948964 7.635196735782537e-22
8.119999999999997 3.4924596548080444e-10 -2.6648194761946797e-10 0.9737170934677124 2.467325864514374e-17 2.078729714249519e-18 3.40610265087853e-17 -1.1466496451148868e-17 157079.63267948964 7.691893510521269e-22
8.139999999999997 4.729372449219227e-09 -8.949427865445614e-10 0.9735406041145325 2.4845722613237435e-17 2.097905980761758e-18 3.429520732220917e-17 -1.1547390689733494e-17 157079.63267948964 7.748870268765202e-22
8.159999999999997 7.057678885757923e-09 -9.89530235528946e-10 0.9726899862289429 2.501897984410349e-17 2.1461352962850788e-18 3.448553589358752e-17 -1.1612691345769108e-17 157079.63267948964 7.806127700128879e-22
8.179999999999996 4.190951585769653e-09 1.949956640601158e-09 0.9690271615982056 2.5192644618823212e-17 2.3154109070223192e-18 3.4488536088764016e-17 -1.161130256894717e-17 157079.63267948964 7.863666494226841e-22
8.199999999999996 5.689798854291439e-09 -2.3865140974521637e-09 0.96443772315979 2.5366121201167234e-17 2.5247104915183043e-18 3.442879839204373e-17 -1.1587387682394804e-17 157079.63267948964 7.921487340673642e-22
8.219999999999995 7.959897629916668e-09 -6.402842700481415e-10 0.9595555067062378 2.5539348981347393e-17 2.7466971514996754e-18 3.434856683595401e-17 -1.1555915006106291e-17 157079.63267948964 7.979590929083822e-22
8.239999999999995 7.246853783726692e-09 8.149072527885437e-10 0.9546199440956116 2.5712311077309522e-17 2.9710935277390773e-18 3.4263780608176584e-17 -1.1522564628523709e-17 157079.63267948964 8.037977949071927e-22
8.259999999999994 7.159542292356491e-09 -2.3283064365386963e-10 0.9496557712554932 2.588501699002388e-17 3.1968411156349753e-18 3.4176088645604937e-17 -1.148791632931378e-17 157079.63267948964 8.0966490902525e-22
8.279999999999994 8.60018189996481e-09 -1.979060471057892e-09 0.9446781873703003 2.6057450803790377e-17 3.4232945088893485e-18 3.4086488262720884e-17 -1.1452332366042757e-17 157079.63267948964 8.155605042240086e-22
8.299999999999994 1.1816155165433884e-08 4.025932867079973e-06 0.9397416114807129 2.6229624599872178e-17 3.648153963172102e-18 3.399859265194006e-17 -1.1417122015239981e-17 157079.63267948964 8.214846494649232e-22
8.319999999999993 1.0637450031936169e-08 -4.307366907596588e-09 0.9348905682563782 2.64015295777926e-17 3.869578536915402e-18 3.39153020734434e-17 -1.138335143658838e-17 157079.63267948964 8.274374137094479e-22
8.339999999999993 1.2194504961371422e-08 -6.170012056827545e-09 0.9299052953720093 2.6573173537220364e-17 4.09681083069297e-18 3.3822120204343547e-17 -1.1345757497816153e-17 157079.63267948964 8.334188659190376e-22
8.359999999999992 1.132139004766941e-08 -1.862645149230957e-09 0.9248933792114258 2.6744544791279058e-17 4.325312423153391e-18 3.3726145267929025e-17 -1.1306912899803357e-17 157079.63267948964 8.394290750551465e-22
8.379999999999992 9.98261384665966e-09 -3.026798367500305e-09 0.9199188947677612 2.69156486072559e-17 4.552402397410329e-18 3.363161174205726e-17 -1.1268365945037918e-17 157079.63267948964 8.454681100792293e-22
8.399999999999991 8.68749339133501e-09 -3.4924596548080444e-09 0.9149466156959534 2.7086490352769864e-17 4.7795699239296395e-18 3.353619021921564e-17 -1.1229269790375415e-17 157079.63267948964 8.515360399527403e-22
8.419999999999991 1.3853423297405243e-08 -1.6298145055770874e-09 0.909974217414856 2.7257055387850103e-17 5.0069096434389704e-18 3.343971445579697e-17 -1.1189568711385835e-17 157079.63267948964 8.57632933637134e-22
8.43999999999999 9.211362339556217e-09 -5.005858838558197e-09 0.9050232172012329 2.7427356420059134e-17 5.233543191044872e-18 3.334360229881033e-17 -1.1149789069796063e-17 157079.63267948964 8.637588600938648e-22
8.45999999999999 1.2718373909592628e-08 -3.6088749766349792e-09 0.9000721573829651 2.7597388607588586e-17 5.4603619756571036e-18 3.324643694447525e-17 -1.1109410312543766e-17 157079.63267948964 8.699138882843876e-22
8.47999999999999 8.236384019255638e-09 3.841705620288849e-09 0.8951330184936523 2.776715373138645e-17 5.686878024026339e-18 3.314900545845288e-17 -1.1068729323310499e-17 157079.63267948964 8.760980871701564e-22
8.49999999999999 1.1059455573558807e-08 -4.889443516731262e-09 0.890214741230011 2.793665568760936e-17 5.912721079798833e-18 3.305190328607517e-17 -1.1027969539896997e-17 157079.63267948964 8.82311525712626e-22
8.519999999999989 9.618815965950489e-09 1.280568540096283e-09 0.8853000402450562 2.810588970803239e-17 6.138612771024918e-18 3.295398586380667e-17 -1.0986712397714332e-17 157079.63267948964 8.885542728732507e-22
8.539999999999988 1.0797521099448204e-08 -3.841705620288849e-09 0.8803942799568176 2.827485821143819e-17 6.364341773580112e-18 3.285560649276111e-17 -1.0945090054903033e-17 157079.63267948964 8.948263976134847e-22
8.559999999999988 1.4566467143595219e-08 -4.6566128730773926e-09 0.8755104541778564 2.8443562253370045e-17 6.589377711476952e-18 3.2757606803519964e-17 -1.0903424021642435e-17 157079.63267948964 9.011279688947832e-22
8.579999999999988 1.072476152330637e-08 -7.101334631443024e-09 0.870638370513916 2.8612000141020826e-17 6.814141065757552e-18 3.265933089196699e-17 -1.0861471373608477e-17 157079.63267948964 9.074590556786003e-22
8.599999999999987 1.9106664694845676e-08 -6.984919309616089e-10 0.8657819032669067 2.878017446920176e-17 7.0384773619406e-18 3.256102818138419e-17 -1.081933107412303e-17 157079.63267948964 9.138197269263906e-22
8.619999999999987 9.604264050722122e-09 -4.889443516731262e-09 0.8609442114830017 2.8948094511831097e-17 7.262267173374738e-18 3.2462911391253965e-17 -1.0777083154154981e-17 157079.63267948964 9.202100515996082e-22
8.639999999999986 1.461012288928032e-08 -3.4924596548080444e-09 0.8561132550239563 2.911575337190748e-17 7.485992549022487e-18 3.236420313590472e-17 -1.0734441408107523e-17 157079.63267948964 9.26630098659708e-22
8.659999999999986 1.1845258995890617e-08 -2.561137080192566e-09 0.8513129949569702 2.92831547430748e-17 7.708706418482424e-18 3.2266436370968035e-17 -1.0691988046375664e-17 157079.63267948964 9.330799370681442e-22
8.679999999999986 1.3227690942585468e-08 1.0477378964424133e-09 0.846524178981781 2.945030043044056e-17 7.931175220536182e-18 3.2168389569370706e-17 -1.0649266194543746e-17 157079.63267948964 9.395596357863716e-22
8.699999999999985 1.2674718163907528e-08 1.0477378964424133e-09 0.8417569994926453 2.961718981505001e-17 8.152997636861938e-18 3.207071327874387e-17 -1.06065238722431e-17 157079.63267948964 9.460692637758445e-22
8.719999999999985 1.4770193956792355e-08 -4.6566128730773926e-09 0.8370029926300049 2.978382394954294e-17 8.374510340058655e-18 3.1972877316063027e-17 -1.0563561846014499e-17 157079.63267948964 9.526088899980174e-22
8.739999999999984 1.1990778148174286e-08 2.3283064365386963e-10 0.8322763442993164 2.9950215445926784e-17 8.59515713457335e-18 3.187578986957696e-17 -1.0520731558223531e-17 157079.63267948964 9.591785834143446e-22
8.759999999999984 1.5425030142068863e-08 6.51925802230835e-09 0.8275601863861084 3.011635774335856e-17 8.815606490879143e-18 3.177837656609664e-17 -1.0477625313617222e-17 157079.63267948964 9.657784129862808e-22
8.779999999999983 1.2281816452741623e-08 6.984919309616089e-10 0.8228775858879089 3.0282252925191625e-17 9.034947916138056e-18 3.168211560311829e-17 -1.0434810594064722e-17 157079.63267948964 9.724084476752806e-22
8.799999999999983 1.3969838619232178e-08 -2.3283064365386963e-09 0.8182119131088257 3.044790149651222e-17 9.253850014667275e-18 3.158593793718593e-17 -1.039188645534098e-17 157079.63267948964 9.790687564427981e-22
8.819999999999983 1.1408701539039612e-08 5.238689482212067e-09 0.813570499420166 3.061331676350253e-17 9.472011979592169e-18 3.149034228827558e-17 -1.0349037504365224e-17 157079.63267948964 9.857594082502882e-22
8.839999999999982 1.788430381566286e-08 2.7939677238464355e-09 0.8089536428451538 3.07784894032565e-17 9.689442435051581e-18 3.139532086273735e-17 -1.0306274863751644e-17 157079.63267948964 9.924804720592052e-22
8.859999999999982 1.5919795259833336e-08 7.450580596923828e-09 0.8043534159660339 3.094342961652175e-17 9.906433053863356e-18 3.1300410133597204e-17 -1.0263413570938814e-17 157079.63267948964 9.992320168310032e-22
8.879999999999981 9.778887033462524e-09 9.546056389808655e-09 0.7997854948043823 3.110813340583232e-17 1.012238725598646e-17 3.1206585247770164e-17 -1.022083909792431e-17 157079.63267948964 1.0060141115271375e-21
8.89999999999998 1.1190422810614109e-08 1.4435499906539917e-08 0.7952371835708618 3.1272607799890416e-17 1.0337799767801141e-17 3.111305493500876e-17 -1.0178246902919482e-17 157079.63267948964 1.0128268251090614e-21
8.91999999999998 1.174339558929205e-08 2.2351741790771484e-08 0.790712833404541 3.1436853299833417e-17 1.0552498466196463e-17 3.102010093406073e-17 -1.0135746100423774e-17 157079.63267948964 1.0196702265382307e-21
8.93999999999998 1.5410478226840496e-08 2.0256265997886658e-08 0.7862164378166199 3.160087267254948e-17 1.0766337358446683e-17 3.0927977840752503e-17 -1.0093441524164952e-17 157079.63267948964 1.0265443847760991e-21
8.95999999999998 1.8830178305506706e-08 3.14321368932724e-08 0.7817435264587402 3.1764678086535006e-17 1.0979484173626716e-17 3.0836423569368536e-17 -1.0051231674916044e-17 157079.63267948964 1.0334493687841217e-21
8.979999999999979 1.1845258995890617e-08 3.771856427192688e-08 0.7772969007492065 3.192825789310657e-17 1.1191834572105187e-17 3.0745615203002225e-17 -1.0009187817995963e-17 157079.63267948964 1.040385247523752e-21
8.999999999999979 1.6400008462369442e-08 5.3085386753082275e-08 0.7728757858276367 3.209161979777537e-17 1.1403421248753353e-17 3.065549245307569e-17 -9.967293904053671e-18 157079.63267948964 1.0473520899564455e-21
