8 -7.450580596923828e-09 0.40403759479522705 -8.455244824290276e-05 2.563500735331201e-17 2.0586598953608424e-17 1.0372799821898568e-17 -5.3243914221949835e-18 157079.63267948964 7.355888478157805e-22
8.02 -2.7939677238464355e-08 0.40125054121017456 -8.066929876804352e-05 2.5724227273246606e-17 2.0720277333461205e-17 1.038076914845391e-17 -5.376819932418085e-18 157079.63267948964 7.411195679588709e-22
8.04 -2.60770320892334e-08 0.39849117398262024 -7.395818829536438e-05 2.581322556585208e-17 2.0853495725074098e-17 1.0389152190668606e-17 -5.429423808245979e-18 157079.63267948964 7.466779416452091e-22
8.059999999999999 -2.0489096641540527e-08 0.3957582712173462 -7.289880886673927e-05 2.5902000163381552e-17 2.098627864920827e-17 1.0397927234151238e-17 -5.482207189243655e-18 157079.63267948964 7.522640378362493e-22
8.079999999999998 -4.0978193283081055e-08 0.3930526375770569 -6.382144056260586e-05 2.5990561220634448e-17 2.1118613287540184e-17 1.0407116022972102e-17 -5.535168089877837e-18 157079.63267948964 7.57877925493446e-22
8.099999999999998 -2.0489096641540527e-08 0.39037254452705383 -6.961962208151817e-05 2.6078905845371665e-17 2.1250537541169663e-17 1.0416682502885129e-17 -5.5883127074337636e-18 157079.63267948964 7.635196735782537e-22
8.119999999999997 -1.30385160446167e-08 0.3877187669277191 -6.85444101691246e-05 2.6167032627663203e-17 2.138202473386181e-17 1.042664559254937e-17 -5.641638449909454e-18 157079.63267948964 7.691893510521269e-22
8.139999999999997 -1.30385160446167e-08 0.38509079813957214 -6.519490852952003e-05 2.6254950019039525e-17 2.1513096206648143e-17 1.043700179543903e-17 -5.6951487397732615e-18 157079.63267948964 7.748870268765202e-22
8.159999999999997 -1.862645149230957e-08 0.3824881315231323 -6.336602382361889e-05 2.634265611345117e-17 2.164375754435859e-17 1.0447742658732922e-17 -5.748844089640343e-18 157079.63267948964 7.806127700128879e-22
8.179999999999996 -7.450580596923828e-09 0.3799099624156952 -6.622145883738995e-05 2.6430147856782426e-17 2.177402561731603e-17 1.0458849990898622e-17 -5.802729287304588e-18 157079.63267948964 7.863666494226841e-22
8.199999999999996 -1.30385160446167e-08 0.3773570954799652 -6.272993050515652e-05 2.6517432994837772e-17 2.1903885664059747e-17 1.0470348892192336e-17 -5.856801561414311e-18 157079.63267948964 7.921487340673642e-22
8.219999999999995 -1.1175870895385742e-08 0.3748286962509155 -5.4637202993035316e-05 2.660451293663957e-17 2.203335401084213e-17 1.048222442152251e-17 -5.9110639372112186e-18 157079.63267948964 7.979590929083822e-22
8.239999999999995 -3.725290298461914e-09 0.37232375144958496 -5.662278272211552e-05 2.6691392327340458e-17 2.2162450953927118e-17 1.0494457796434013e-17 -5.96551956285581e-18 157079.63267948964 8.037977949071927e-22
8.259999999999994 -1.30385160446167e-08 0.3698425590991974 -5.6773191317915916e-05 2.6778053466355e-17 2.2291169258193735e-17 1.0507054733332953e-17 -6.020170525171689e-18 157079.63267948964 8.0966490902525e-22
8.279999999999994 -7.450580596923828e-09 0.36738505959510803 -4.760595038533211e-05 2.6864517213505062e-17 2.2419509770026867e-17 1.0520022464169149e-17 -6.075015020690954e-18 157079.63267948964 8.155605042240086e-22
8.299999999999994 -2.7939677238464355e-08 0.364950031042099 -5.315244197845459e-05 2.6950782628712336e-17 2.254750738072376e-17 1.0533333691623306e-17 -6.130058443634729e-18 157079.63267948964 8.214846494649232e-22
8.319999999999993 -1.1175870895385742e-08 0.36253827810287476 -4.573119804263115e-05 2.7036843942873338e-17 2.267513043924508e-17 1.054701099023806e-17 -6.1852982946541535e-18 157079.63267948964 8.274374137094479e-22
8.339999999999993 -1.1175870895385742e-08 0.36014866828918457 -4.633655771613121e-05 2.7122705439450477e-17 2.2802411793478657e-17 1.0561034221903758e-17 -6.240738948160715e-18 157079.63267948964 8.334188659190376e-22
8.359999999999992 -1.1175870895385742e-08 0.3577812910079956 -4.630768671631813e-05 2.7208372802259704e-17 2.2929349482212894e-17 1.0575403744964945e-17 -6.296380424918134e-18 157079.63267948964 8.394290750551465e-22
8.379999999999992 -2.2351741790771484e-08 0.355435848236084 -4.1282735764980316e-05 2.729383664841949e-17 2.3055943434043925e-17 1.0590120528520005e-17 -6.352225662839538e-18 157079.63267948964 8.454681100792293e-22
8.399999999999991 -5.587935447692871e-09 0.3531114459037781 -5.261413753032684e-05 2.7379110235014755e-17 2.3182220477986057e-17 1.0605163725655834e-17 -6.4082752159943836e-18 157079.63267948964 8.515360399527403e-22
8.419999999999991 -1.1175870895385742e-08 0.3508090674877167 -4.547834396362305e-05 2.7464188816902382e-17 2.3308154897619508e-17 1.0620562761204066e-17 -6.464528841921191e-18 157079.63267948964 8.57632933637134e-22
8.43999999999999 5.587935447692871e-09 0.34852758049964905 -4.007597453892231e-05 2.7549067128968262e-17 2.343376775217241e-17 1.0636289488557331e-17 -6.520990111761479e-18 157079.63267948964 8.637588600938648e-22
8.45999999999999 -5.587935447692871e-09 0.3462664783000946 -4.7386856749653816e-05 2.7633759758229275e-17 2.3559075884540308e-17 1.0652341924373969e-17 -6.5776597497355676e-18 157079.63267948964 8.699138882843876e-22
8.47999999999999 -5.587935447692871e-09 0.34402626752853394 -3.9007049053907394e-05 2.771825436798492e-17 2.368406266241933e-17 1.0668730656999645e-17 -6.634538951434055e-18 157079.63267948964 8.760980871701564e-22
8.49999999999999 -1.30385160446167e-08 0.34180617332458496 -3.676232881844044e-05 2.780256329161273e-17 2.380874915170995e-17 1.0685440523906597e-17 -6.691628968900867e-18 157079.63267948964 8.82311525712626e-22
8.519999999999989 -2.0489096641540527e-08 0.3396058678627014 -4.076841287314892e-05 2.788667929058928e-17 2.393313992153844e-17 1.0702471348289706e-17 -6.748931979238867e-18 157079.63267948964 8.885542728732507e-22
8.539999999999988 -2.60770320892334e-08 0.33742544054985046 -3.8880854845047e-05 2.797060718692971e-17 2.4057232929057754e-17 1.0719823626281166e-17 -6.806448057628352e-18 157079.63267948964 8.948263976134847e-22
8.559999999999988 -1.1175870895385742e-08 0.3352644443511963 -3.542308695614338e-05 2.805435109148065e-17 2.4181038638832347e-17 1.0737490634252952e-17 -6.8641790616124274e-18 157079.63267948964 9.011279688947832e-22
8.579999999999988 0 0.3331226706504822 -3.276555798947811e-05 2.813790551276256e-17 2.4304559190145454e-17 1.0755473243619441e-17 -6.922126921002337e-18 157079.63267948964 9.074590556786003e-22
8.599999999999987 -2.9802322387695312e-08 0.3309997618198395 -3.417464904487133e-05 2.822126617173599e-17 2.442779880239512e-17 1.0773762346861268e-17 -6.980291407912094e-18 157079.63267948964 9.138197269263906e-22
8.619999999999987 -1.6763806343078613e-08 0.3288956880569458 -3.2686395570635796e-05 2.830445341151122e-17 2.455076743636009e-17 1.0792360977482368e-17 -7.038675002331233e-18 157079.63267948964 9.202100515996082e-22
8.639999999999986 -1.30385160446167e-08 0.3268100917339325 -3.569736145436764e-05 2.8387451976463734e-17 2.4673464698759382e-17 1.0811265739636736e-17 -7.097278461932385e-18 157079.63267948964 9.26630098659708e-22
8.659999999999986 -2.7939677238464355e-08 0.32474279403686523 -3.2459618523716927e-05 2.847026625418937e-17 2.4795895872789626e-17 1.083047296410582e-17 -7.156102582706081e-18 157079.63267948964 9.330799370681442e-22
8.679999999999986 -5.587935447692871e-09 0.32269343733787537 -3.163330256938934e-05 2.855289802807786e-17 2.4918070276077428e-17 1.084997962173861e-17 -7.215150034660767e-18 157079.63267948964 9.395596357863716e-22
8.699999999999985 -2.7939677238464355e-08 0.3206619918346405 -2.7509639039635658e-05 2.863535331256012e-17 2.50399884582445e-17 1.086978335111674e-17 -7.274420344592658e-18 157079.63267948964 9.460692637758445e-22
8.719999999999985 0 0.318648099899292 -2.9191607609391212e-05 2.871761644941266e-17 2.516164933000767e-17 1.088988248663749e-17 -7.3339153672325e-18 157079.63267948964 9.526088899980174e-22
8.739999999999984 -1.862645149230957e-08 0.3166515827178955 -2.7987640351057053e-05 2.87997078993585e-17 2.528307070962822e-17 1.091027421362134e-17 -7.39363702389106e-18 157079.63267948964 9.591785834143446e-22
8.759999999999984 -3.5390257835388184e-08 0.31467223167419434 -2.829614095389843e-05 2.888160815606963e-17 2.5404239040387183e-17 1.0930954532786322e-17 -7.453585417103871e-18 157079.63267948964 9.657784129862808e-22
8.779999999999983 -5.587935447692871e-09 0.3127099275588989 -2.8460752218961716e-05 2.8963342300916303e-17 2.5525178570194796e-17 1.0951925821203415e-17 -7.513762090481906e-18 157079.63267948964 9.724084476752806e-22
8.799999999999983 -1.862645149230957e-08 0.31076422333717346 -2.7229078114032745e-05 2.90448902317987e-17 2.5645883810243178e-17 1.0973176021336588e-17 -7.574167687537403e-18 157079.63267948964 9.790687564427981e-22
8.819999999999983 -1.862645149230957e-08 0.30883508920669556 -2.9923859983682632e-05 2.912626067125792e-17 2.5766353155626617e-17 1.0994714730047524e-17 -7.634805289104875e-18 157079.63267948964 9.857594082502882e-22
8.839999999999982 -3.725290298461914e-09 0.30692237615585327 -2.6810448616743088e-05 2.920746066133154e-17 2.5886600648218015e-17 1.1016533239857177e-17 -7.695673226743647e-18 157079.63267948964 9.924804720592052e-22
8.859999999999982 1.1175870895385742e-08 0.30502569675445557 -2.196221612393856e-05 2.928847549605205e-17 2.600662332867898e-17 1.1038628308371483e-17 -7.756774189373382e-18 157079.63267948964 9.992320168310032e-22
8.879999999999981 -7.450580596923828e-09 0.30314505100250244 -2.8365524485707283e-05 2.936931513525664e-17 2.6126430120402395e-17 1.1060997439605625e-17 -7.818108495008757e-18 157079.63267948964 1.0060141115271375e-21
8.89999999999998 -5.587935447692871e-09 0.30128014087677 -2.447119913995266e-05 2.9449983397292715e-17 2.624602047034898e-17 1.1083642870180842e-17 -7.879677965059715e-18 157079.63267948964 1.0128268251090614e-21
8.91999999999998 -1.1175870895385742e-08 0.2994306981563568 -2.4682143703103065e-05 2.953047824260622e-17 2.636540194399744e-17 1.1106560779769968e-17 -7.941484481161188e-18 157079.63267948964 1.0196702265382307e-21
8.93999999999998 -1.1175870895385742e-08 0.2975967526435852 -2.4619046598672867e-05 2.9610801096914675e-17 2.6484580471249157e-17 1.1129748105443932e-17 -8.003527479778412e-18 157079.63267948964 1.0265443847760991e-21
8.95999999999998 -1.1175870895385742e-08 0.2957778871059418 -2.277502790093422e-05 2.9690938802265966e-17 2.660354817291147e-17 1.1153199544232873e-17 -8.065808914878378e-18 157079.63267948964 1.0334493687841217e-21
8.979999999999979 -1.30385160446167e-08 0.2939741611480713 -2.5345012545585632e-05 2.977090986223511e-17 2.6722321498679246e-17 1.1176919674220764e-17 -8.128329278662463e-18 157079.63267948964 1.040385247523752e-21
8.999999999999979 -1.4901161193847656e-08 0.2921851873397827 -2.338155172765255e-05 2.985070669803125e-17 2.6840892948785765e-17 1.1200902834820106e-17 -8.191089085574625e-18 157079.63267948964 1.0473520899564455e-21
