30 0.9629318237304687 0.07545430660247802 0.04645
29 0.9634454727172852 0.07611693143844604 0.0468
28 0.9638713836669922 0.07695238590240479 0.04705
27 0.9645662307739258 0.07746665477752686 0.04755
26 0.9650674819946289 0.07831756472587585 0.04785
25 0.9657320022583008 0.07899718284606934 0.04825
24 0.9665663719177247 0.07948497533798218 0.04875
23 0.967350959777832 0.08012178540229797 0.0491
22 0.9682138442993165 0.08071516752243042 0.04955
21 0.9691710472106934 0.08124051094055176 0.05005
20 0.970242691040039 0.0816623330116272 0.05045
19 0.9714550971984863 0.08192920088768005 0.051
18 0.9728411674499512 0.0819666862487793 0.0515
17 0.9743266105651855 0.08190302848815918 0.05195
16 0.976322078704834 0.08085029125213623 0.0524
15 0.9788742065429688 0.07863627672195435 0.0528
14 0.9814807891845703 0.07593250274658203 0.0532
13 0.9847413063049316 0.07105531692504882 0.0536
12 0.9888654708862304 0.062257897853851316 0.05405
11 0.9940437316894531 0.04519603848457336 0.05435
10 0.9989435195922851 0.00019941031932830812 0.05465
9 0.9992312431335449 8.184462785720825e-06 0.05495
8 0.9994617462158203 3.5050325095653534e-06 0.05525
7 0.9996553421020508 3.3980468288064004e-07 0.05555
6 0.9997859001159668 3.0943192541599274e-07 0.05585
5 0.9998807907104492 3.5249395295977594e-07 0.0562
4 0.9999439239501953 4.463741788640618e-07 0.05655
3 0.999980354309082 1.5525147318840026e-07 0.05685
2 0.9999956130981446 6.278540240600706e-07 0.057
1 0.9999998092651368 5.289941327646374e-07 0.0571
